random:
  mean: 143.4
  std: 43.34328090950199
avoid_walls:
  mean: 238.8
  std: 52.76134948994387
