random:
  mean: 78.0
  std: 27.400729917285048
avoid_walls:
  mean: 156.6
  std: 29.486267990371385
