random:
  mean: 188.2
  std: 50.467415230027385
avoid_walls:
  mean: 274.4
  std: 81.02740277214863
