random:
  mean: 272.8
  std: 74.70314585076052
avoid_walls:
  mean: 385.8
  std: 133.2117111968764
