random:
  mean: 417.6
  std: 143.32145687230508
avoid_walls:
  mean: 498.6
  std: 61.25553036257216
