random:
  mean: 105.0
  std: 39.6333193159493
avoid_walls:
  mean: 186.2
  std: 31.057366275973887
