random:
  mean: 55.8
  std: 26.468094000135334
avoid_walls:
  mean: 62.0
  std: 20.248456731316587
