random:
  mean: 51.8
  std: 17.577258034175866
avoid_walls:
  mean: 69.6
  std: 24.759644585494357
