random:
  mean: 123.0
  std: 51.65655815092601
avoid_walls:
  mean: 267.2
  std: 62.55685414085334
