random:
  mean: 361.0
  std: 103.62239140263074
avoid_walls:
  mean: 474.8
  std: 59.63019369413452
