random:
  mean: 207.6
  std: 54.04294588565653
avoid_walls:
  mean: 239.8
  std: 106.87263447674526
