random:
  mean: 367.4
  std: 105.61552916119865
avoid_walls:
  mean: 481.8
  std: 51.847468597801374
